7
1 ; 2 ; 100 ; 20000 ; 6 ; 6 ; {
1; Manuel; 1000; 1000.00; 0; 0; 1; 0; 0; 
2; Daniel; 1000; 1000.00; 0; 0; 1; 0; 0; 0; 
0; Fernando; 1000; 1000.00; 0; 0; 1; 0; 
}
2 ; 2 ; 100 ; 20000 ; 6 ; 5 ; {
2; Otavio; 2000; 2000.00; 0; 0; 2; 0; 0; 0; 
1; Linda; 1000; 1000.00; 0; 0; 2; 0; 0; 
}
3 ; 2 ; 100 ; 20000 ; 6 ; 4 ; {
0; Deolinda; 1900; 1900.00; 0; 0; 3; 0; 
1; Renata; 1000; 1000.00; 0; 0; 3; 0; 0; 
}
5 ; 2 ; 1000 ; 30000 ; 6 ; 2 ; {
0; Anabela; 1000; 994.00; 3; 0; 5; 0; 
1; Sofia; 1000; 1002.00; 3; 0; 5; 0; 0; 
3; Joao; 1000; 996.00; 3; 20; 5; 0; 2; 
}
6 ; 2 ; 1000 ; 30000 ; 6 ; 1 ; {
0; Kika; 1000; 1000.00; 0; 0; 6; 0; 
1; Renato; 1000; 1000.00; 0; 0; 6; 0; 0; 
1; Joao; 1000; 1000.00; 0; 0; 6; 0; 0; 
0; Rui; 1000; 1000.00; 0; 0; 6; 0; 
}
